11111111111111111111111111111
11111111111111111111111111111
11111111000000000000011111111
11111100000000000000000111111
11111100011111111111000111111
11111100011111111111000111111
11111100011111111111000111111
11111100011111111111000111111
11111111111111111111111111111
11111100011111111111000111111
11111100011111111111000111111
11111100011111111111000111111
11111100011111111111000111111
11111111000000000000011111111
11111111110000000001111111111
11111111111111111111111111111
11111111111111111111111111111
11111111111111111111111111111
11111111111111111111111111111
11111111111111111111111111111
11111111111111111111111111111