000001001000000001001000000001001000000001001000000001001000000
111000000001111000000001111000000001111000000001111000000001111
001000000001001000000001001000000001001000000001001000000001001
000001111000000001111000000001111000000001111000000001111000000
000001001000000001001000000001001000000001001000000001001000000
111000000001111000000001111000000001111000000001111000000001111
001000000001001000000001001000000001001000000001001000000001001
000001111000000001111000000001111000000001111000000001111000000
000001001000000001001000000001001000000001001000000001001000000
111000000001111000000001111000000001111000000001111000000001111
001000000001001000000001001000000001001000000001001000000001001
000001111000000001111000000001111000000001111000000001111000000
000001001000000001001000000001001000000001001000000001001000000
111000000001111000000001111000000001111000000001111000000001111
001000000001001000000001001000000001001000000001001000000001001
000001001000000001001000000001001000000001001000000001001000000
111000000001111000000001111000000001111000000001111000000001111
001000000001001000000001001000000001001000000001001000000001001
000001111000000001111000000001111000000001111000000001111000000
000001001000000001001000000001001000000001001000000001001000000
111000000001111000000001111000000001111000000001111000000001111
001000000001001000000001001000000001001000000001001000000001001
000001111000000001111000000001111000000001111000000001111000000
000001001000000001001000000001001000000001001000000001001000000
111000000001111000000001111000000001111000000001111000000001111
001000000001001000000001001000000001001000000001001000000001001
000001111000000001111000000001111000000001111000000001111000000
000001001000000001001000000001001000000001001000000001001000000
111000000001111000000001111000000001111000000001111000000001111
001000000001001000000001001000000001001000000001001000000001001
000001001000000001001000000001001000000001001000000001001000000
111000000001111000000001111000000001111000000001111000000001111
001000000001001000000001001000000001001000000001001000000001001
000001111000000001111000000001111000000001111000000001111000000
000001001000000001001000000001001000000001001000000001001000000
111000000001111000000001111000000001111000000001111000000001111
001000000001001000000001001000000001001000000001001000000001001
000001111000000001111000000001111000000001111000000001111000000
000001001000000001001000000001001000000001001000000001001000000
111000000001111000000001111000000001111000000001111000000001111
001000000001001000000001001000000001001000000001001000000001001
000001111000000001111000000001111000000001111000000001111000000
000001001000000001001000000001001000000001001000000001001000000
111000000001111000000001111000000001111000000001111000000001111
001000000001001000000001001000000001001000000001001000000001001
000001001000000001001000000001001000000001001000000001001000000
111000000001111000000001111000000001111000000001111000000001111
001000000001001000000001001000000001001000000001001000000001001
000001111000000001111000000001111000000001111000000001111000000
000001001000000001001000000001001000000001001000000001001000000
111000000001111000000001111000000001111000000001111000000001111
001000000001001000000001001000000001001000000001001000000001001
000001111000000001111000000001111000000001111000000001111000000
000001001000000001001000000001001000000001001000000001001000000
111000000001111000000001111000000001111000000001111000000001111
001000000001001000000001001000000001001000000001001000000001001
000001111000000001111000000001111000000001111000000001111000000
000001001000000001001000000001001000000001001000000001001000000
111000000001111000000001111000000001111000000001111000000001111
001000000001001000000001001000000001001000000001001000000001001
000001001000000001001000000001001000000001001000000001001000000
111000000001111000000001111000000001111000000001111000000001111
001000000001001000000001001000000001001000000001001000000001001
000001111000000001111000000001111000000001111000000001111000000
